[array([0.146756, 0.092339]), array([0.396767, 0.538817]), array([0.151837, 0.439991, 0.990882]), array([0.542872, 0.477129, 0.465693, 0.474096]), array([0.460387, 0.498557, 0.477944, 0.494719]), array([0.547765, 0.56257 , 0.467217, 0.534433, 0.423745]), array([0.510852, 0.395803, 0.389609, 0.512819, 0.467201, 0.484704]), array([0.534609, 0.47215 , 0.51597 , 0.430449, 0.468951, 0.460126,       0.579196, 0.50672 ])]
[array([0.5, 0.5]), array([0.2, 0.8]), array([0.4, 0.2, 0.8]), array([0.2, 0.3, 0.6, 0.8]), array([0.2, 0.4, 0.3, 0.2]), array([0.8, 0.6, 0.2, 0.4, 0.4]), array([0.6, 0.2, 0.5, 0.5, 0.6, 0.7]), array([0.2, 0.8, 0.8, 0.4, 0.8, 0.8, 0.8, 0.8])]
[array([0.5, 0.2]), array([0.8, 0.2]), array([0.8, 0.2, 0.4]), array([0.8, 0.6, 0.3, 0.2]), array([0.2, 0.3, 0.4, 0.2]), array([0.4, 0.4, 0.2, 0.6, 0.8]), array([0.7, 0.6, 0.5, 0.5, 0.2, 0.6]), array([0.8, 0.8, 0.8, 0.8, 0.4, 0.8, 0.8, 0.2])]
[array([0.383392, 0.821342]), array([0.793314, 0.755414]), array([0.482146, 0.876422, 0.456179]), array([0.689247, 0.433557, 0.988108, 0.466259]), array([0.44046 , 0.376992, 0.782065, 0.323379]), array([0.144973, 0.126083, 0.62459 , 0.927798, 0.357486]), array([0.521886, 0.058274, 0.343167, 0.48736 , 0.844271, 0.367403]), array([0.628383, 0.280633, 0.786675, 0.287769, 0.033315, 0.601928,       0.119196, 0.159597])]
[array([0.24573 , 0.208316]), array([0.359466, 0.857625]), array([0.598434, 0.877929, 0.300843]), array([0.471465, 0.275908, 0.015894, 0.202646]), array([0.293081, 0.732318, 0.016994, 0.213819]), array([0.247271, 0.032909, 0.978595, 0.148416, 0.742185]), array([0.1959  , 0.364296, 0.781294, 0.726545, 0.970718, 0.646471]), array([0.35603 , 0.182437, 0.641489, 0.826005, 0.260547, 0.513501,       0.864629, 0.692217])]
[array([0.619545, 0.50457 ]), array([0.327792, 0.196618]), array([0.767153, 0.761507, 0.671872]), array([0.654848, 0.062246, 0.23941 , 0.085493]), array([0.957449, 0.19664 , 0.860989, 0.611794]), array([0.062805, 0.777123, 0.92195 , 0.365368, 0.188978]), array([0.118038, 0.330445, 0.190913, 0.120342, 0.917561, 0.177241]), array([0.736973, 0.936416, 0.451085, 0.301867, 0.680622, 0.856924,       0.793957, 0.260596])]
[array([0.619545, 0.50457 ]), array([0.327792, 0.196618]), array([0.767153, 0.761507, 0.671872]), array([0.654848, 0.062246, 0.23941 , 0.085493]), array([0.957449, 0.19664 , 0.860989, 0.611794]), array([0.062805, 0.777123, 0.92195 , 0.365368, 0.188978]), array([0.118038, 0.330445, 0.190913, 0.120342, 0.917561, 0.177241]), array([0.736973, 0.936416, 0.451085, 0.301867, 0.680622, 0.856924,       0.793957, 0.260596])]
[array([0.619545, 0.50457 ]), array([0.327792, 0.196618]), array([0.767153, 0.761507, 0.671872]), array([0.654848, 0.062246, 0.23941 , 0.085493]), array([0.20214 , 0.056377, 0.100034, 0.695105]), array([0.854168, 0.597669, 0.868134, 0.817935, 0.794094]), array([0.013335, 0.460562, 0.630877, 0.026669, 0.844063, 0.087412]), array([0.047316, 0.509441, 0.196482, 0.261047, 0.932307, 0.185581,       0.254294, 0.798162])]
[array([0.731788, 0.599048]), array([0.858888, 0.709529]), array([0.701795, 0.774813, 0.055784]), array([0.577766, 0.428772, 0.425826, 0.249007]), array([0.791574, 0.461123, 0.749217, 0.563474]), array([0.632003, 0.045543, 0.759623, 0.602809, 0.039237]), array([0.020233, 0.445312, 0.496269, 0.124538, 0.754495, 0.331476]), array([0.486886, 0.275397, 0.16052 , 0.077171, 0.874599, 0.39912 ,       0.368801, 0.077318])]
[array([0.317908, 0.729464]), array([0.396767, 0.538817]), array([0.93164 , 0.60309 , 0.025156]), array([0.418656, 0.042206, 0.71941 , 0.96528 ]), array([0.791574, 0.461123, 0.749217, 0.563474]), array([0.967795, 0.413505, 0.191748, 0.761741, 0.161221]), array([0.011681, 0.444832, 0.249462, 0.835675, 0.432077, 0.299455]), array([0.850129, 0.192358, 0.592268, 0.393489, 0.332572, 0.999965,       0.744541, 0.558341])]
[array([0.317908, 0.729464]), array([0.396767, 0.538817]), array([0.93164 , 0.60309 , 0.025156]), array([0.418656, 0.042206, 0.71941 , 0.96528 ]), array([0.791574, 0.461123, 0.749217, 0.563474]), array([0.967795, 0.413505, 0.191748, 0.761741, 0.161221]), array([0.011681, 0.444832, 0.249462, 0.835675, 0.432077, 0.299455]), array([0.850129, 0.192358, 0.592268, 0.393489, 0.332572, 0.999965,       0.744541, 0.558341])]
[array([0.317908, 0.729464]), array([0.396767, 0.538817]), array([0.93164 , 0.60309 , 0.025156]), array([0.418656, 0.042206, 0.71941 , 0.96528 ]), array([0.791574, 0.461123, 0.749217, 0.563474]), array([0.967795, 0.413505, 0.191748, 0.761741, 0.161221]), array([0.011681, 0.444832, 0.249462, 0.835675, 0.432077, 0.299455]), array([0.850129, 0.192358, 0.592268, 0.393489, 0.332572, 0.999965,       0.744541, 0.558341])]
[array([0.831779, 0.239464]), array([0.826748, 0.767465]), array([0.976005, 0.667922, 0.120663]), array([0.10903 , 0.592344, 0.751929, 0.656074]), array([0.368756, 0.069352, 0.667765, 0.267472]), array([0.17798 , 0.915405, 0.783937, 0.836514, 0.72989 ]), array([0.105336, 0.331222, 0.753728, 0.765306, 0.88714 , 0.049824]), array([0.534562, 0.742373, 0.768256, 0.307517, 0.508121, 0.596165,       0.184153, 0.131878])]
[array([0.831779, 0.239464]), array([0.826748, 0.767465]), array([0.976005, 0.667922, 0.120663]), array([0.10903 , 0.592344, 0.751929, 0.656074]), array([0.368756, 0.069352, 0.667765, 0.267472]), array([0.17798 , 0.915405, 0.783937, 0.836514, 0.72989 ]), array([0.105336, 0.331222, 0.753728, 0.765306, 0.88714 , 0.049824]), array([0.534562, 0.742373, 0.768256, 0.307517, 0.508121, 0.596165,       0.184153, 0.131878])]
[array([0.831779, 0.239464]), array([0.826748, 0.767465]), array([0.976005, 0.667922, 0.120663]), array([0.10903 , 0.592344, 0.751929, 0.656074]), array([0.368756, 0.069352, 0.667765, 0.267472]), array([0.17798 , 0.915405, 0.783937, 0.836514, 0.72989 ]), array([0.105336, 0.331222, 0.753728, 0.765306, 0.88714 , 0.049824]), array([0.534562, 0.742373, 0.768256, 0.307517, 0.508121, 0.596165,       0.184153, 0.131878])]
[array([0.612245, 0.612245]), array([0.52096 , 0.248634]), array([0.144466, 0.5     , 0.365304]), array([0.999986, 0.398049, 0.898999, 0.678485]), array([0.283361, 0.968072, 0.893294, 0.856106]), array([0.702847, 0.301729, 0.643894, 0.681879, 0.      ]), array([0.191597, 0.252712, 0.390953, 0.229106, 0.363287, 0.861946]), array([0.043432, 0.100047, 0.223423, 0.016864, 0.330007, 0.363847,       0.328406, 0.832396])]
[array([0.632653, 0.612245]), array([0.667641, 0.122929]), array([0.483104, 0.5     , 0.287939]), array([0.287962, 0.999616, 0.416243, 0.932523]), array([0.207927, 0.999999, 0.94759 , 0.785679]), array([0.475859, 0.321227, 0.408649, 0.763953, 0.09598 ]), array([0.191597, 0.252712, 0.390953, 0.229106, 0.363287, 0.861946]), array([0.      , 0.100047, 0.223423, 0.016864, 0.330007, 0.363847,       0.328406, 0.832396])]